% interior walls
obs{1} = [ 0 10 10  0;
          18 18 19 19]; %B1
      
obs{2} = [17 18 18 17;
          17 17 29 29]; %B2

obs{3} = [25 32 32 25;
          18 18 19 19]; %B3

obs{4} = [ 0 19 19  0;
          14 14 15 15]; %B4

obs{5} = [24 32 32 24;
          13 13 15 15]; %B5
       
% doors   
obs{6} = [10 12 12 10;
           19 19 20 20]; %B6

obs{7} = [23 25 25 23;
           19 19 20 20]; %B7
       
% outer walls
obs{8} = [ 0 32 32  0;
          29 29 30 30]; %B01

obs{9} = [ 0  1  1  0;
           0  0 30 30]; %B02
        
obs{10} = [ 0 32 32  0;
           0  0  1  1]; %B03

obs{11} = [31 32 32 31;
           0  0 30 30]; %B04
       